g = 9.81;

x0 = zeros(12,1);

m = 0.4;

ix = 0.002;
iy = 0.002;
iz = 0.002;